http://www.shdjt.com/flsort.asp?lb=993505
序	股票代码	股票名称	行业	最新	涨幅↓	市值亿元	市盈率%	涨幅3日%	涨幅半年	净额万元	ddx	ddy	ddz	主动率	通吃率	ddx红	特大差	大单差	中单差	小单差	活跃度	单数比	特大买入	特大卖出	大单买入	大单卖出	中单买入	中单卖出	小单买入	小单卖出	换手率	量比
1   603799	华友钴业 点评	有色金属	44.13	9.97%	476	385	67.48	93.38	10393	.23	.2	9.07	4.19	3.8	5	1	9.5	-5.7	-2.9	-0.9	138	1.08	27.6	18.1	43.3	49.0	14.3	17.2	14.8	15.7	5.98	1.01
2	000661	长春高新 点评	医药制造	472.00	6.69%	802	49	34.57	44.96	2579	.03	.05	4.47	17.27	1.2	6	1	2	-.8	-1.1	-0.1	135	1.05	38.0	36.0	29.9	30.7	32.1	33.2	0.0	0.1	2.71	2.13
3	600688	上海石化 点评	燃料加工	4.16	6.12%	305	20	8.33	-15.62	663	.02	.01	17.6	25.33	3.8	1	1	5	-1.2	3.8	-7.6	83	1.38	9.6	4.6	33.7	34.9	27.6	23.8	29.1	36.7	0.58	3.99
4	600547	山东黄金 点评	金属采选	34.78	5.71%	764	85	-11.84	18.59	41744	.55	.42	39.85	6.72	12.3	2	1	6.5	5.8	-3.2	-9.1	141	1.46	26.7	20.2	49.9	44.1	10.4	13.6	13.0	22.1	4.49	2.10
5	300072	三聚环保 点评	化学制品	6.71	5.01%	144	164	4.35	-18.47	3995	.28	.27	17.21	15.95	8.9	4	1	3.4	5.5	-2.1	-6.8	79	1.23	6.9	3.5	37.1	31.6	36.2	38.3	19.8	26.6	3.16	1.80
6	002602	世纪华通 点评	汽车制造	12.76	4.76%	331	28	42.25	17.06	1286	.04	.58	16.3	3.25	1.1	4	1	-2.5	3.6	-1.9	0.8	109	1.32	19.7	22.2	35.5	31.9	27.9	29.8	16.9	16.1	3.53	1.81
7	600372	中航电子 点评	运输设备	15.11	4.14%	266	75	-4.49	-3.45	2893	.11	.06	16.77	13.72	8.6	2	1	9.6	-1	-3.1	-5.5	120	1.15	15.7	6.1	48.5	49.5	16.9	20.0	18.9	24.4	1.27	4.47
8	002558	巨人网络 点评	互联网	19.44	4.12%	394	41	9.4	7.94	3449	.09	-.01	9.36	13.32	10.4	3	1	6	4.4	-5	-5.4	75	0.97	10.5	4.5	32.0	27.6	31.9	36.9	25.6	31.0	0.85	2.44
9	600489	中金黄金 点评	金属采选	8.80	3.41%	304	175	-9.65	-11.02	9778	.32	.32	38.23	3.89	14.6	3	1	7.6	7	-3.5	-11.1	119	1.46	20.9	13.3	45.9	38.9	15.9	19.4	17.3	28.4	2.23	2.03
10	600415	小商品城 点评	商务服务	4.14	3.24%	225	17	8.09	-1.66	856	.04	.03	8.14	3.9	4.3	2	1	3.1	1.2	.3	-4.6	93	1.09	11.1	8.0	37.5	36.3	22.8	22.5	28.6	33.2	0.88	3.05
11	000063	中兴通讯 点评	电子设备	36.55	3.10%	1267	28	6.4	9.96	87350	.68	.06	32.7	-2.54	13.2	1	1	12.1	1.1	-7.7	-5.5	129	1.34	42.8	30.7	28.3	27.2	17.8	25.5	11.1	16.6	5.16	2.07
12	002925	盈趣科技 点评	电子设备	46.84	3.06%	78	25	4.27	18.73	174	.02	.17	3.73	-10.6	.7	4	1	.1	.6	.8	-1.5	69	1.09	3.6	3.5	31.4	30.8	37.2	36.4	27.8	29.3	3.20	1.42
13	002625	光启技术 点评	汽车制造	9.52	3.03%	49	200	.32	-.1	1308	.27	.43	14.5	7.34	8.5	2	1	2.3	6.2	-.5	-8.0	46	1.29	3.4	1.1	23.8	17.6	42.3	42.8	30.5	38.5	3.20	1.49
14	600760	中航沈飞 点评	运输设备	32.76	3.02%	131	55	-9.33	8.19	3099	.24	.38	24.11	11.33	5.7	6	1	5.8	-.1	.4	-6.1	126	1.33	18.5	12.7	47.6	47.7	16.8	16.4	17.1	23.2	4.20	2.51
15	000768	中航飞机 点评	运输设备	17.02	2.90%	471	103	-3.95	4.16	3990	.08	.03	7.09	13.84	5.4	3	1	3.7	1.7	-.4	-5.0	89	1.04	14.5	10.8	32.9	31.2	33.1	33.5	19.5	24.5	1.57	2.90
16	002739	万达电影 点评	文体传媒	19.55	2.89%	344	37	20.75	4.16	5498	.16	.11	13.95	-1.01	9.2	5	1	6.5	2.7	-5.4	-3.8	82	1.12	14.8	8.3	30.8	28.1	32.4	37.8	22.0	25.8	1.74	1.30
17	600118	中国卫星 点评	电子设备	22.16	2.78%	262	74	-7.97	-6.38	5694	.22	.16	30.62	13.33	14.2	4	1	6.4	7.8	-5.3	-8.9	113	1.32	10.9	4.5	52.9	45.1	17.0	22.3	19.2	28.1	1.54	1.87
18	300122	智飞生物 点评	医药制造	51.98	2.73%	455	35	2.1	16.13	11322	.25	.29	37.44	17.08	13.1	4	1	5.6	7.5	-6	-7.1	119	1.48	25.2	19.6	40.9	33.4	23.7	29.7	10.2	17.3	1.90	1.82
19	600339	中油工程 点评	开采辅助	3.52	2.62%	197	36	-4.61	-15.95	983	.05	.05	17.77	4.12	6.7	7	1	1.9	4.8	0	-6.7	119	1.20	13.5	11.6	49.2	44.4	15.0	15.0	22.3	29.0	0.75	1.89
20	000725	京东方A 点评	电子设备	4.73	2.60%	1602	67	3.73	29.95	49005	.31	.04	33.58	16.9	10.5	1	1	8.9	1.6	-5.4	-5.1	133	1.40	43.8	34.9	27.9	26.3	17.4	22.8	10.9	16.0	2.94	1.05
21	002460	赣锋锂业 点评	有色金属	36.38	2.59%	291	107	71.28	49.71	3281	.11	-.07	.85	7.27	1.7	4	1	6.1	-4.4	-1.1	-0.6	102	0.98	20.8	14.7	31.0	35.4	28.9	30.0	19.3	19.9	6.70	1.10
22	603993	洛阳钼业 点评	金属采选	4.48	2.52%	791	58	2.28	11.44	10288	.13	.01	24.06	8.05	7.4	1	1	9.2	-1.8	-2.3	-5.1	138	1.27	36.3	27.1	36.2	38.0	13.1	15.4	14.4	19.5	1.76	1.15
23	601238	广汽集团 点评	汽车制造	12.25	2.51%	745	15	5.42	5.97	535	.01	-.01	-16.26	18.72	1.7	1	1	-3.5	5.2	-2	0.3	113	0.73	5.0	8.5	52.3	47.1	14.5	16.5	28.2	27.9	0.42	1.48
24	300408	三环集团 点评	电子设备	23.77	2.46%	392	47	17.27	23.1	-1120	-.03	.06	2.99	10.03	-1.8	3	0	-8	6.2	3.7	-1.9	108	1.09	14.8	22.8	38.3	32.1	30.6	26.9	16.3	18.2	1.56	2.44
25	000423	东阿阿胶 点评	医药制造	36.38	2.36%	238	85	15.86	-7.17	2830	.12	.18	21.91	11.2	11.9	2	1	-1.6	13.5	-.6	-11.3	68	1.33	7.8	9.4	32.2	18.7	36.1	36.7	23.9	35.2	1.00	1.72
26	002050	三花智控 点评	通用设备	18.02	2.33%	436	35	49.17	60.32	-1503	-.04	.14	10.79	11.89	-3.5	5	0	-4	.5	5.1	-1.6	100	1.33	16.1	20.1	32.0	31.5	32.9	27.8	19.0	20.6	0.99	1.10
27	300413	芒果超媒 点评	文体传媒	39.35	2.31%	328	54	42.18	73.75	-4241	-.13	-.26	-22.93	5.91	-4.3	5	0	-8.6	4.3	-1.2	5.5	119	0.74	20.9	29.5	36.3	32.0	24.3	25.5	18.5	13.0	3.01	2.20
28	002624	完美世界 点评	互联网	49.67	2.31%	576	33	78.09	93.12	10735	.19	.09	14.1	-4.05	9.4	4	1	6.3	3.1	-8.2	-1.2	104	1.09	22.9	16.6	33.8	30.7	28.2	36.4	15.1	16.3	2.00	1.50
29	601108	财通证券 点评	金融服务	11.50	2.31%	277	31	15.46	5.5	7693	.28	.17	9.79	5.34	4	6	1	3.7	.3	-1.2	-2.8	145	1.08	23.8	20.1	50.7	50.4	11.6	12.8	13.9	16.7	6.91	1.06
30	600271	航天信息 点评	电子设备	23.72	2.29%	439	29	7.14	.47	-285	-.01	-.07	-9.14	28.5	-.6	4	0	.8	-1.4	-4.4	5.0	115	0.86	15.1	14.3	42.3	43.7	14.3	18.7	28.3	23.3	1.09	0.96
31	300433	蓝思科技 点评	电子设备	15.16	2.29%	627	43	60.93	114.28	11776	.19	.09	12.94	4.21	10	7	1	8.2	1.8	-6.6	-3.4	95	1.06	19.1	10.9	33.6	31.8	27.3	33.9	20.0	23.4	1.90	1.53
32	601212	白银有色 点评	有色金属	3.77	2.17%	74	2660	-12.53	-11.29	2676	.36	.24	26.96	19.49	15.8	4	1	10.3	5.5	-1	-14.8	97	1.25	15.3	5.0	40.9	35.4	16.5	17.5	27.3	42.1	2.30	1.21
33	600867	通化东宝 点评	医药制造	13.16	2.09%	268	29	-24.37	-14.55	0	0	.03	1.86	4.92	0	4	0	.7	-.7	.4	-0.4	119	1.03	14.7	14.0	44.9	45.6	17.4	17.0	23.0	23.4	3.18	1.11
34	000413	东旭光电 点评	电子设备	3.46	2.06%	168	13	1.76	-33.46	136	.01	-.04	-3.36	12.82	.2	1	1	-1.6	1.8	-.6	0.4	60	0.89	7.3	8.9	22.6	20.8	33.4	34.0	36.7	36.3	4.04	1.04
35	600028	中国石化 点评	石油开采	5.27	1.93%	5036	11	3.74	-1.13	18529	.04	0	71.87	-4.24	21.4	1	1	6.6	14.8	-5	-16.4	142	1.89	32.2	25.6	49.7	34.9	9.3	14.3	8.8	25.2	0.17	2.14
36	601601	中国太保 点评	保险业	39.62	1.90%	2491	12	3.58	13.04	15759	.06	.01	50.75	1.42	12.5	1	1	5.3	7.2	-3	-9.5	144	1.65	23.7	18.4	54.4	47.2	10.3	13.3	11.6	21.1	0.50	1.40
37	002601	龙蟒佰利 点评	化学制品	16.18	1.89%	233	12	23.61	10.67	-120	0	.07	3.35	8.57	-.4	4	0	-1.5	1.1	-5.5	5.9	82	1.10	12.3	13.8	28.3	27.2	28.5	34.0	30.9	25.0	1.31	0.82
38	600309	万华化学 点评	化学制品	56.94	1.88%	811	17	27.38	32.85	7414	.09	.04	12.7	6.2	7.3	4	1	8.2	-.9	-7.5	0.2	132	1.08	26.7	18.5	43.0	43.9	13.9	21.4	16.4	16.2	1.25	0.90
39	000001	平安银行 点评	金融服务	17.18	1.84%	3334	11	20.14	22.8	34078	.1	.13	54.7	1.53	17.8	2	1	16.9	.9	-7.8	-10.0	123	1.74	43.8	26.9	26.4	25.5	20.0	27.8	9.8	19.8	0.58	1.21
40	600816	安信信托 点评	其他金融	4.54	1.79%	239	-54	-2.78	-9.74	3252	.14	.06	10.82	3.75	5.8	6	1	7.9	-2.1	-1.4	-4.4	117	1.09	25.3	17.4	36.0	38.1	18.2	19.6	20.5	24.9	2.35	0.88
41	600038	中直股份 点评	运输设备	48.65	1.76%	287	53	-3.93	14.12	2092	.07	-.02	3.9	14.4	5.5	3	1	9.7	-4.2	-3.8	-1.7	105	0.97	13.2	3.5	42.2	46.4	16.3	20.1	28.3	30.0	1.32	1.85
42	000100	TCL集团 点评	电子设备	4.65	1.75%	589	18	41.77	39.22	1942	.03	-.04	-.86	15.13	1.2	4	1	.6	.6	-1.2	0.0	125	0.97	30.7	30.1	32.2	31.6	22.3	23.5	14.8	14.8	2.75	1.01
43	603858	步长制药 点评	医药制造	21.11	1.73%	241	13	10.18	10.94	1736	.07	.08	12.27	-4.68	4.2	3	1	-.3	4.5	-1.3	-2.9	117	1.15	11.1	11.4	49.3	44.8	19.0	20.3	20.6	23.5	1.71	1.74
44	601012	隆基股份 点评	非金属	26.98	1.70%	1016	22	-6.64	21.1	4127	.04	.02	5.1	5.59	2.5	3	1	-3.4	5.9	.4	-2.9	138	1.04	20.4	23.8	49.9	44.0	15.3	14.9	14.4	17.3	1.63	1.52
45	600733	北汽蓝谷 点评	汽车制造	6.08	1.67%	103	-59	-10.98	-33.19	251	.02	-.08	-4.61	9.97	1.6	2	1	1.2	.4	.4	-2.0	100	0.88	6.7	5.5	43.9	43.5	18.5	18.1	30.9	32.9	1.53	1.67
46	000338	潍柴动力 点评	汽车制造	16.42	1.61%	697	14	4.92	35.59	-1585	-.02	-.01	-5.9	1.69	-2	0	0	-2.3	.3	1.5	0.5	92	0.92	11.7	14.0	33.3	33.0	33.0	31.5	22.0	21.5	1.15	0.95
47	002938	鹏鼎控股 点评	电子设备	46.65	1.59%	108	48	25.1	55.76	3483	.32	.65	21.17	-1.13	11.1	4	1	3.4	7.7	-3.6	-7.5	70	1.32	8.9	5.5	31.7	24.0	32.5	36.1	26.9	34.4	2.91	0.87
48	002044	美年健康 点评	卫生	15.18	1.54%	515	114	27.78	44.04	-116	0	-.28	-22.93	21.19	-.3	1	0	-1.4	1.1	-8.5	8.8	77	0.57	7.3	8.7	31.1	30.0	32.9	41.4	28.7	19.9	0.75	1.01
49	600703	三安光电 点评	电子设备	19.24	1.53%	785	51	67.01	65.01	3146	.04	.02	2.6	3.85	1.7	5	1	1.7	0	-.6	-1.1	123	1.01	18.6	16.9	43.5	43.5	16.6	17.2	21.3	22.4	2.36	0.99
50	300070	碧水源 点评	生态环境	8.02	1.52%	175	53	23.77	-.37	1826	.1	.24	13.55	7.9	4.2	3	1	2.7	1.5	.4	-4.6	94	1.22	19.0	16.3	30.2	28.7	32.2	31.8	18.6	23.2	2.49	1.74
51	600977	中国电影 点评	文体传媒	16.27	1.50%	304	26	8.61	2.66	442	.02	.02	3.75	8.76	1.2	5	1	8.8	-7.6	1.4	-2.6	107	1.05	18.9	10.1	35.3	42.9	21.1	19.7	24.7	27.3	1.21	1.74
52	600482	中国动力 点评	运输设备	20.45	1.49%	178	37	-19.61	-21.26	313	.02	.02	5.59	17.76	2.7	3	1	2.4	.3	-4	1.3	99	1.06	6.8	4.4	44.1	43.8	19.0	23.0	30.1	28.8	0.66	1.41
53	600438	通威股份 点评	食品加工	14.36	1.48%	558	19	-6.69	3.61	9748	.18	.05	20.6	-3.77	13.3	6	1	4	9.3	-2.1	-11.2	125	1.12	16.7	12.7	52.6	43.3	13.7	15.8	17.0	28.2	1.31	1.65
54	600637	东方明珠 点评	信号传输	10.15	1.40%	347	20	5.07	-.88	3111	.09	.09	25.92	11.25	9.2	5	1	11.5	-2.3	-2.2	-7.0	122	1.31	20.7	9.2	45.0	47.3	14.3	16.5	20.0	27.0	0.98	1.80
55	000553	安道麦A 点评	化学制品	10.28	1.38%	48	24	5.44	-3.23	-24	0	-.05	-12.43	6.72	-.4	0	0	4.4	-4.8	-8.3	8.7	49	0.63	6.5	2.1	18.0	22.8	34.6	42.9	40.9	32.2	1.28	1.96
56	601857	中国石油 点评	石油开采	5.95	1.36%	9634	22	2.23	-12.79	10975	.01	0	44.21	3.81	15.4	1	1	12.2	3.2	-3.8	-11.6	127	1.53	29.9	17.7	41.4	38.2	12.4	16.2	16.3	27.9	0.07	2.31
57	600036	招商银行 点评	金融服务	39.40	1.34%	8128	10	4.15	12.12	25361	.03	0	48.7	-7.07	12.4	1	1	13	-.6	-3.3	-9.1	151	1.58	34.4	21.4	47.5	48.1	8.6	11.9	9.5	18.6	0.25	1.18
58	002027	分众传媒 点评	商务服务	6.61	1.23%	970	53	18.46	25.9	10958	.11	.22	26.95	-9.74	6.7	6	1	8.5	-1.8	-2.8	-3.9	121	1.38	30.9	22.4	33.1	34.9	23.3	26.1	12.7	16.6	1.67	1.62
59	002081	金螳螂 点评	建筑装饰	9.29	1.20%	240	11	-4.03	-13.18	32	0	-.12	-9.65	.4	.1	5	1	-3.6	3.7	-.7	0.6	83	0.79	11.9	15.5	29.6	25.9	33.9	34.6	24.6	24.0	1.35	1.19
60	601668	中国建筑 点评	土木工程	5.98	1.18%	2460	6	6.41	-1.16	7675	.03	.03	14.04	10.05	3.7	7	1	-1.6	5.3	-.5	-3.2	148	1.15	30.2	31.8	45.5	40.2	11.4	11.9	12.9	16.1	0.84	1.41
61	600221	海航控股 点评	航空运输	1.76	1.15%	289	36	1.73	-13.3	1682	.06	0	15.91	30.54	9.5	1	1	6.5	3	-4.4	-5.1	126	1.11	32.3	25.8	35.2	32.2	15.3	19.7	17.2	22.3	0.61	1.52
62	002065	东华软件 点评	软件服务	10.65	1.14%	299	33	49.37	52.14	3477	.12	.05	9.78	-6.49	7.2	5	1	2.8	4.4	-4.8	-2.4	107	1.05	22.2	19.4	35.1	30.7	23.7	28.5	19.0	21.4	1.62	0.88
63	601989	中国重工 点评	运输设备	5.37	1.13%	982	75	-12.54	-16.63	3896	.04	.03	21.94	13.71	8.8	4	1	10.3	-1.5	-.6	-8.2	123	1.23	24.8	14.5	41.0	42.5	16.5	17.1	17.7	25.9	0.45	1.74
64	601808	中海油服 点评	开采辅助	19.30	1.10%	571	33	1.15	101.88	-1996	-.04	-.01	-20.86	-.76	-8.9	0	0	-2.2	-6.7	2.3	6.6	76	0.74	3.8	6.0	29.8	36.5	21.2	18.9	45.2	38.6	0.40	1.61
65	601899	紫金矿业 点评	金属采选	4.80	1.05%	923	30	6.9	32.6	-7391	-.08	-.01	-13.21	10.85	-5.6	0	0	-6.8	1.2	4.5	1.1	134	0.89	27.0	33.8	37.1	35.9	18.5	14.0	17.4	16.3	1.43	0.86
66	002202	金风科技 点评	通用设备	12.56	1.05%	425	25	7.63	5.02	1187	.03	-.01	-2.83	19.33	2.6	1	1	3.2	-.6	-.5	-2.1	79	0.87	10.9	7.7	30.1	30.7	33.2	33.7	25.8	27.9	1.07	1.09
67	002304	洋河股份 点评	饮料制造	111.71	1.05%	1395	18	3.03	-12.18	3760	.03	.04	12.27	-7.71	5.2	2	1	-4.4	9.6	-.7	-4.5	89	1.17	11.5	15.9	35.7	26.1	36.9	37.6	15.9	20.4	0.52	1.17
68	600000	浦发银行 点评	金融服务	12.60	1.04%	3541	6	11.01	8.43	5152	.02	.01	33.62	2.83	10.8	5	1	16.4	-5.6	-4.4	-6.4	135	1.39	33.9	17.5	39.2	44.8	12.4	16.8	14.5	20.9	0.14	1.13
69	601877	正泰电器 点评	电气机械	27.23	1.04%	586	15	23.21	17.93	-1523	-.03	.02	-.69	2.9	-5.5	3	0	11.5	-17	1.4	4.1	120	1.08	19.3	7.8	38.1	55.1	17.3	15.9	25.3	21.2	0.47	1.01
70	601888	中国国旅 点评	商务服务	90.98	1.03%	1776	32	-3.81	9.22	-6955	-.04	-.02	-20.69	14.52	-10.9	5	0	.9	-11.8	7.6	3.3	124	0.86	15.3	14.4	41.3	53.1	23.5	15.9	19.9	16.6	0.36	1.10
71	600208	新湖中宝 点评	房地产业	3.93	1.03%	338	10	35.05	23.16	862	.03	-.02	-.55	3.17	1.3	7	1	3.4	-2.1	-.5	-0.8	114	0.97	14.3	10.9	43.5	45.6	15.5	16.0	26.7	27.5	1.98	1.20
72	600498	烽火通信 点评	电子设备	27.91	0.98%	309	40	.4	1.6	1186	.04	-.1	-7.16	12.17	2.9	4	1	6	-3.1	-4.8	1.9	112	0.84	14.0	8.0	43.6	46.7	15.3	20.1	27.1	25.2	1.32	1.07
73	601788	光大证券 点评	金融服务	13.39	0.90%	523	20	22.62	17.35	-1313	-.02	-.05	-12.5	2.37	-2.8	3	0	.8	-3.6	-.5	3.3	122	0.85	12.7	11.9	47.1	50.7	18.1	18.6	22.1	18.8	0.89	0.93
74	600398	海澜之家 点评	纺织服装	8.04	0.88%	355	10	-4.06	-10.27	-995	-.03	-.06	-20.46	11.84	-5.8	2	0	1.9	-7.7	-1.1	6.9	87	0.72	6.0	4.1	34.4	42.1	21.7	22.8	37.9	31.0	0.48	1.28
75	600352	浙江龙盛 点评	化学制品	14.91	0.88%	485	9	4.05	-7.79	-2371	-.05	-.1	-7.7	.97	-1.6	3	0	-4	2.4	.3	1.3	128	0.91	17.3	21.3	46.0	43.6	16.4	16.1	20.3	19.0	3.05	1.30
76	601211	国泰君安 点评	金融服务	18.83	0.86%	1415	19	7.23	4.87	4527	.03	.02	14.92	5.64	6.2	6	1	1.3	4.9	-2.2	-4.0	137	1.13	18.0	16.7	53.6	48.7	15.0	17.2	13.4	17.4	0.52	0.79
77	002179	中航光电 点评	电子设备	39.79	0.86%	423	38	-10.62	14.11	3596	.08	.02	12.52	-6.81	11.3	3	1	-.1	11.4	-.9	-10.4	65	1.04	9.2	9.3	28.7	17.3	33.8	34.7	28.3	38.7	0.75	1.46
78	300498	温氏股份 点评	畜牧业	34.60	0.85%	1387	23	-15.61	-.09	1258	.01	-.05	-8.76	5.25	1.3	4	1	-2.4	3.7	-4	2.7	106	0.83	18.1	20.5	35.3	31.6	27.2	31.2	19.4	16.7	0.70	1.10
79	002466	天齐锂业 点评	有色金属	30.95	0.85%	352	190	54.36	35.27	24724	.71	.99	22.36	2.6	9.9	3	1	6.8	3.1	-5.8	-4.1	99	1.28	21.4	14.6	33.2	30.1	26.2	32.0	19.2	23.3	7.17	1.60
80	002310	东方园林 点评	土木工程	5.19	0.78%	86	-12	1.37	-11.67	484	.06	-.28	-8.08	9.94	2.9	5	1	-12.9	15.8	-1.6	-1.3	86	0.78	4.8	17.7	39.6	23.8	31.7	33.3	23.9	25.2	1.95	1.57
81	601018	宁波港 点评	水上运输	3.89	0.78%	498	13	0	-11.19	-102	0	.01	6.07	1.79	-.9	2	0	-3.5	2.6	1.3	-0.4	98	1.15	8.8	12.3	39.7	37.1	15.8	14.5	35.7	36.1	0.23	2.06
82	002415	海康威视 点评	电子设备	34.17	0.77%	2759	30	2.64	21.64	16308	.06	.05	20.86	-4.14	10	4	1	7.6	2.4	-5.7	-4.3	115	1.21	32.5	24.9	29.9	27.5	22.9	28.6	14.7	19.0	0.59	1.24
83	600010	包钢股份 点评	黑色金属	1.34	0.75%	424	39	-11.84	-19.42	-1586	-.04	-.07	-29.74	30.77	-4.8	4	0	-7.3	2.5	1.6	3.2	143	0.71	35.9	43.2	33.4	30.9	16.4	14.8	14.3	11.1	0.78	1.23
84	300124	汇川技术 点评	电气机械	30.85	0.72%	418	60	30.83	29.4	-6225	-.15	-.14	-47.48	-9.23	-24.8	5	0	-7.3	-17.5	-3.4	28.2	87	0.62	10.5	17.8	20.7	38.2	25.6	29.0	43.2	15.0	0.60	0.70
85	600535	天士力 点评	医药制造	15.66	0.71%	237	16	-8.9	-8.79	-981	-.04	-.08	-12.29	1.68	-2.9	2	0	-1.8	-1.1	-.5	3.4	111	0.85	9.9	11.7	44.1	45.2	19.4	19.9	26.6	23.2	1.43	1.38
86	601933	永辉超市 点评	零售业	7.78	0.65%	737	36	-17.67	-22.59	963	.01	-.04	-7.2	-7.76	1.5	3	1	4.1	-2.6	-5.7	4.2	113	0.86	21.0	16.9	36.2	38.8	15.9	21.6	26.9	22.7	0.87	1.09
87	002939	长城证券 点评	金融服务	13.94	0.65%	232	44	-11.27	-16.53	482	.02	-.15	-4.44	.72	.7	3	1	-3	3.7	-2.4	1.7	88	0.89	11.1	14.1	33.3	29.6	33.6	36.0	22.0	20.3	2.98	0.66
88	300059	东方财富 点评	金融服务	16.00	0.63%	871	58	6.81	17.73	24499	.28	.08	12.14	-3.34	8.1	4	1	5.5	2.6	-6.1	-2.0	126	1.07	35.4	29.9	31.8	29.2	20.8	26.9	12.0	14.0	3.48	0.74
89	601901	方正证券 点评	金融服务	8.59	0.59%	707	49	26.32	20.58	-5355	-.08	-.1	-15.51	-4.8	-5.9	3	0	-5.4	-.5	2.1	3.8	110	0.84	9.9	15.3	41.9	42.4	21.3	19.2	26.9	23.1	1.28	0.62
90	600837	海通证券 点评	金融服务	15.72	0.58%	1272	18	.38	15.25	4318	.03	0	5.2	-.53	3.4	1	1	1.9	1.5	-1.7	-1.7	134	1.03	22.0	20.1	46.5	45.0	15.2	16.9	16.3	18.0	1.00	0.64
91	600153	建发股份 点评	批发业	9.11	0.55%	258	11	2.36	-.44	-764	-.03	-.03	-12.04	8.07	-7.6	4	0	4	-11.6	2.3	5.3	72	0.88	5.8	1.8	26.2	37.8	28.6	26.3	39.4	34.1	0.39	0.77
92	600900	长江电力 点评	电热供应	18.57	0.54%	4085	17	-.38	5.51	-458	0	0	2.62	2.22	-1.6	2	0	-4.4	2.8	-1.4	3.0	103	1.09	6.9	11.3	43.7	40.9	17.0	18.4	32.4	29.4	0.07	0.97
93	000776	广发证券 点评	金融服务	15.54	0.52%	920	16	15.37	13.27	5990	.06	.06	16.95	.53	7.4	7	1	6.7	.7	-4.4	-3.0	109	1.19	22.9	16.2	35.2	34.5	28.0	32.4	13.9	16.9	0.88	0.73
94	002236	大华股份 点评	电子设备	21.49	0.51%	390	26	25.01	45.79	-9644	-.25	-.09	-11.42	-.72	-7.9	2	0	-10.2	2.3	7.3	0.6	121	0.94	18.5	28.7	38.2	35.9	28.0	20.7	15.3	14.7	3.14	1.05
95	603019	中科曙光 点评	电子设备	35.72	0.51%	322	97	-3.54	-1.84	-2518	-.08	-.11	-11.51	-.28	-3.3	3	0	-.9	-2.4	1.3	2.0	123	0.88	13.0	13.9	47.1	49.5	15.8	14.5	24.1	22.1	2.39	1.25
96	000786	北新建材 点评	非金属	26.11	0.50%	441	-3053	36.34	39.85	562	.01	.08	11.79	8.08	3.3	7	1	3.5	-.2	3.5	-6.8	72	1.26	15.6	12.1	22.0	22.2	35.5	32.0	26.9	33.7	0.39	0.76
97	002468	申通快递 点评	邮政业	19.74	0.46%	65	20	-13.72	-26.92	57	.01	-.23	-8.51	1.2	.4	3	1	-9.2	9.6	-7.1	6.7	69	0.77	1.5	10.7	33.2	23.6	37.1	44.2	28.2	21.5	2.18	0.83
98	600606	绿地控股 点评	房地产业	7.05	0.43%	858	5	4.14	3.52	-337	0	0	-5.42	10.17	-1.7	1	0	8.7	-10.4	-1.2	2.9	121	0.94	28.6	19.9	30.9	41.3	14.1	15.3	26.4	23.5	0.23	0.91
99	601898	中煤能源 点评	煤炭采选	5.07	0.40%	464	9	1	6.69	986	.02	0	9.91	15.53	13.8	1	1	.8	13	-7.9	-5.9	84	0.91	4.3	3.5	44.8	31.8	15.6	23.5	35.3	41.2	0.15	0.73
100	000568	泸州老窖 点评	饮料制造	85.79	0.40%	1253	25	-10.78	7.4	-4833	-.04	.05	.28	3.25	-4.5	3	0	-.4	-4.1	4.4	0.1	92	1.11	16.9	17.3	26.7	30.8	37.5	33.1	18.9	18.8	0.85	0.85
101	603986	兆易创新 点评	电子设备	220.40	0.40%	624	118	53.11	135.85	8035	.13	.14	14	-5.57	5.2	3	1	2.2	3	-2.8	-2.4	143	1.13	28.7	26.5	45.6	42.6	12.6	15.4	13.1	15.5	2.49	0.97
102	600369	西南证券 点评	金融服务	5.19	0.39%	293	33	12.58	4.22	-77	0	-.06	-11.23	9.97	-.3	4	0	1.2	-1.5	-3.1	3.4	121	0.84	12.7	11.5	47.5	49.0	15.4	18.5	24.4	21.0	0.88	0.49
103	600999	招商证券 点评	金融服务	18.50	0.38%	1058	19	14.06	10.41	438	0	-.02	-6.09	5.44	1.4	4	1	-3.3	4.7	-.5	-0.9	114	0.88	7.1	10.4	50.7	46.0	18.9	19.4	23.3	24.2	0.30	0.62
104	600176	中国巨石 点评	非金属	11.00	0.36%	385	19	30.02	12.94	-2555	-.07	-.08	-22.34	12.89	-8.8	4	0	-5.1	-3.7	2.7	6.1	121	0.80	7.6	12.7	48.6	52.3	19.0	16.3	24.8	18.7	0.75	0.73
105	300024	机器人 点评	通用设备	14.36	0.35%	217	59	-3.62	-8.77	-27	0	-.04	-2.29	-.55	-.1	3	0	5	-5.1	1.2	-1.1	77	0.94	10.0	5.0	28.2	33.3	39.5	38.3	22.3	23.4	1.26	1.24
106	600018	上港集团 点评	水上运输	5.87	0.34%	1360	15	-.17	-14.06	-3775	-.03	-.02	-43.82	17.94	-19.7	4	0	-16.7	-3	9	10.7	114	0.67	7.9	24.6	39.4	42.4	23.0	14.0	29.7	19.0	0.14	1.22
107	002142	宁波银行 点评	金融服务	29.20	0.34%	1642	12	24.79	24.89	3414	.02	.07	28.16	.31	6.8	5	1	2	4.8	.1	-6.9	102	1.49	20.0	18.0	34.5	29.7	29.2	29.1	16.3	23.2	0.31	0.86
108	600100	同方股份 点评	电子设备	8.91	0.34%	264	28	-1.76	-5.51	-5326	-.2	-.14	-37.76	-9.21	-14.8	4	0	-16.6	1.8	7.2	7.6	121	0.69	7.9	24.5	45.1	43.3	24.3	17.1	22.7	15.1	1.36	1.17
109	601398	工商银行 点评	金融服务	5.99	0.34%	16150	6	1.7	5.46	10670	.01	0	47.27	-24.47	11.7	1	1	9.9	1.8	-5.4	-6.3	161	1.53	53.4	43.5	33.0	31.2	5.7	11.1	7.9	14.2	0.06	0.94
110	600406	国电南瑞 点评	软件服务	21.97	0.32%	645	35	18.44	16.99	962	.02	.06	17.86	9.42	4	2	1	2.6	1.4	2.8	-6.8	99	1.32	7.4	4.8	44.2	42.8	21.5	18.7	26.9	33.7	0.37	0.83
111	600893	航发动力 点评	运输设备	22.44	0.31%	437	92	-7.96	-6.34	-2745	-.06	-.07	-33.31	7.44	-10	2	0	-6.9	-3.1	2.7	7.3	128	0.70	10.6	17.5	48.4	51.5	18.3	15.6	22.7	15.4	0.63	1.12
112	002241	歌尔股份 点评	电子设备	20.58	0.29%	569	51	37.75	116.18	-2871	-.05	-.3	-10.92	2.66	-2.4	2	0	2	-4.4	-2.6	5.0	96	0.84	19.3	17.3	27.5	31.9	28.5	31.1	24.7	19.7	2.08	1.12
113	601319	中国人保 点评	保险业	7.76	0.26%	435	12	-9.45	-17.31	-2798	-.06	-.06	-13.64	-7.18	-5.3	3	0	-3.4	-1.9	1.8	3.5	111	0.86	11.2	14.6	41.6	43.5	19.2	17.4	28.0	24.5	1.21	0.79
114	600346	恒力石化 点评	化学纤维	16.11	0.25%	746	12	10.42	33.47	-2669	-.04	-.03	-23.53	-2.33	-11.5	2	0	-1.7	-9.8	1.7	9.8	113	0.81	6.4	8.1	44.5	54.3	19.6	17.9	29.5	19.7	0.31	0.72
115	600362	江西铜业 点评	有色金属	17.17	0.23%	356	22	-.69	12.08	-3310	-.09	-.02	-19.58	-1.49	-7.2	0	0	-3.1	-4.1	-1.7	8.9	107	0.80	8.9	12.0	41.0	45.1	18.8	20.5	31.3	22.4	1.29	0.56
116	600233	圆通速递 点评	邮政业	12.81	0.23%	363	20	15.41	3.39	-76	0	-.02	-5.6	10.42	-.9	3	0	-1.3	.4	6.8	-5.9	79	0.89	0.0	1.3	39.1	38.7	28.2	21.4	32.7	38.6	0.23	1.16
117	600588	用友网络 点评	软件服务	30.33	0.23%	756	127	-11.03	15.94	-823	-.01	-.03	-5.88	4.36	-1.1	4	0	-2.8	1.7	.4	0.7	119	0.92	16.0	18.8	42.8	41.1	16.7	16.3	24.5	23.8	0.99	1.34
118	600196	复星医药 点评	医药制造	27.10	0.22%	545	25	3.44	3.47	-165	0	0	-6.31	-9.81	-.3	0	0	5.6	-5.9	-1.6	1.9	134	0.91	21.5	15.9	45.4	51.3	14.0	15.6	19.1	17.2	1.02	1.21
119	600998	九州通 点评	批发业	14.01	0.21%	234	19	4.4	14.27	236	.01	-.01	-.9	10.8	1.4	3	1	.8	.6	-2.7	1.3	133	0.97	13.6	12.8	53.4	52.8	15.1	17.8	17.9	16.6	0.72	1.08
120	600926	杭州银行 点评	金融服务	9.36	0.21%	439	7	15.7	14.15	825	.02	.02	12.18	-2.95	5.5	2	1	6	-.5	-3.5	-2.0	124	1.11	22.1	16.1	42.4	42.9	15.8	19.3	19.7	21.7	0.34	1.00
121	000166	申万宏源 点评	金融服务	5.16	0.19%	1163	20	5.52	2.99	-3216	-.03	-.04	-21.81	10.43	-8.4	3	0	-7.5	-.9	4	4.4	88	0.74	12.3	19.8	27.3	28.2	36.6	32.6	23.8	19.4	0.33	0.71
122	601328	交通银行 点评	金融服务	5.69	0.18%	2233	5	.89	-3.72	3832	.02	0	28.95	-11.03	8.5	1	1	9.4	-.9	-2.9	-5.6	147	1.31	48.9	39.5	28.7	29.6	11.3	14.2	11.1	16.7	0.20	0.94
123	601336	新华保险 点评	保险业	50.94	0.18%	1062	9	3.81	-5	652	.01	0	-1.08	-2.7	.7	1	1	-.8	1.5	-1	0.3	141	0.98	22.2	23.0	48.8	47.3	13.9	14.9	15.1	14.8	0.87	0.98
124	601169	北京银行 点评	金融服务	5.74	0.17%	1047	5	8.3	.46	-803	-.01	-.04	-31.72	17.37	-3	5	0	-5	2	-2.2	5.2	137	0.67	23.1	28.1	43.9	41.9	10.8	13.0	22.2	17.0	0.26	0.75
125	600383	金地集团 点评	房地产业	14.56	0.14%	657	9	28.4	19.15	-3424	-.05	-.08	-39.22	-4.87	-9	2	0	-1.3	-7.7	3.8	5.2	138	0.66	23.2	24.5	41.5	49.2	16.3	12.5	19.0	13.8	0.58	0.69
126	601766	中国中车 点评	运输设备	7.25	0.14%	1662	19	1.4	-10.27	-5517	-.03	0	-30.36	10.02	-9.7	0	0	3.7	-13.4	3.6	6.1	140	0.75	27.3	23.6	37.7	51.1	14.1	10.5	20.9	14.8	0.34	1.35
127	600522	中天科技 点评	电气机械	8.45	0.12%	259	14	-1.4	-8.75	-2935	-.11	-.12	-23	-7.6	-9.1	3	0	-2.1	-7	3.3	5.8	108	0.78	9.9	12.0	39.8	46.8	25.0	21.7	25.3	19.5	1.25	1.08
128	601318	中国平安 点评	保险业	86.20	0.09%	9338	9	.36	-3.31	-3082	0	0	-1.77	-7.54	-.6	0	0	-2.6	2	.7	-0.1	163	0.99	41.8	44.4	39.5	37.5	11.5	10.8	7.2	7.3	0.55	1.12
129	601628	中国人寿 点评	保险业	34.98	0.09%	7284	13	.49	21.67	2496	0	0	12.03	1.87	6.7	1	1	11.9	-5.2	-3.4	-3.3	125	1.09	20.8	8.9	45.2	50.4	11.9	15.3	22.1	25.4	0.05	0.79
130	002422	科伦药业 点评	医药制造	24.16	0.08%	250	29	-15.11	-17.57	3737	.15	.07	21.09	-12.05	15.2	8	1	3.6	11.6	-9.2	-6.0	72	1.17	9.2	5.6	34.4	22.8	30.9	40.1	25.5	31.5	0.99	0.98
131	002493	荣盛石化 点评	化学纤维	12.34	0.00%	718	32	14.47	2.24	-894	-.01	-.02	-38.73	13.68	-14.5	2	0	-8.8	-5.7	-1.7	16.2	92	0.61	7.4	16.2	31.4	37.1	23.0	24.7	38.2	22.0	0.09	0.83
132	300017	网宿科技 点评	软件服务	9.84	0.00%	214	23	-5.48	-11.75	-2654	-.12	-.28	-15	-4.16	-4.7	4	0	-3.4	-1.3	1.4	3.3	87	0.79	10.0	13.4	31.2	32.5	36.0	34.6	22.8	19.5	2.63	1.10
133	600019	宝钢股份 点评	黑色金属	5.80	0.00%	1282	11	-1.53	-12.25	-5597	-.04	-.04	-41.54	-3.71	-11.9	4	0	8.1	-20	-.8	12.7	136	0.66	24.6	16.5	37.3	57.3	11.7	12.5	26.4	13.7	0.37	0.74
134	600023	浙能电力 点评	电热供应	3.98	0.00%	541	11	-.25	-11.16	-159	0	.01	3.13	-10.75	-2.8	6	0	2.6	-5.4	-2.2	5.0	94	1.13	14.0	11.4	31.5	36.9	13.6	15.8	40.9	35.9	0.10	0.76
135	600011	华能国际 点评	电热供应	5.64	0.00%	620	12	1.26	-10.48	-2776	-.04	0	-37.2	1.42	-17.3	0	0	-16.2	-1.1	6.4	10.9	102	0.69	5.6	21.8	36.7	37.8	18.7	12.3	39.0	28.1	0.26	0.73
136	600027	华电国际 点评	电热供应	3.70	0.00%	259	11	1.93	-1.18	-987	-.04	0	-21.22	-15.55	-10.2	0	0	-6.8	-3.4	2.4	7.8	91	0.79	3.7	10.5	36.9	40.3	16.4	14.0	43.0	35.2	0.37	0.89
137	600050	中国联通 点评	信号传输	6.04	0.00%	1280	33	.83	-2.74	-7062	-.06	-.02	-18.64	-3.66	-10.5	4	0	-8.7	-1.8	5.9	4.6	125	0.88	20.6	29.3	36.7	38.5	19.0	13.1	23.7	19.1	0.52	1.03
138	000627	天茂集团 点评	保险业	7.04	0.00%	303	26	2.62	10.69	-1123	-.04	-.03	-21.7	-10.3	-14.9	3	0	-6.7	-8.2	4.2	10.7	71	0.83	1.4	8.1	26.8	35.0	37.7	33.5	34.1	23.4	0.25	0.72
139	000629	攀钢钒钛 点评	有色金属	2.94	0.00%	140	13	-4.23	-13.78	-724	-.05	-.14	-27.23	-3.9	-8.3	2	0	-7.2	-1.1	2.4	5.9	96	0.68	20.1	27.3	23.6	24.7	27.4	25.0	28.9	23.0	0.62	0.86
140	002294	信立泰 点评	医药制造	20.19	0.00%	211	22	-9.87	-10.62	708	.03	0	5.68	-7.97	5.6	4	1	4.4	1.2	-7.1	1.5	65	1.00	6.9	2.5	28.2	27.0	37.6	44.7	27.3	25.8	0.60	0.66
141	001979	招商蛇口 点评	房地产业	20.33	0.00%	1609	24	3.72	-4.38	-1476	-.01	.01	-3.59	-11.55	-7.5	2	0	-.2	-7.3	12.8	-5.3	72	1.11	13.9	14.1	18.5	25.8	44.2	31.4	23.4	28.7	0.12	0.85
142	601577	长沙银行 点评	金融服务	9.10	0.00%	91	6	5.32	-3.09	-1042	-.12	-.1	-23.43	-7.53	-9.3	3	0	-5.4	-3.9	4.1	5.2	120	0.79	4.1	9.5	51.1	55.0	22.9	18.8	21.9	16.7	1.24	0.79
143	601600	中国铝业 点评	有色金属	3.60	0.00%	395	57	1.69	-8.4	-1324	-.03	0	-18.59	-9.68	-5.9	0	0	-11.8	5.9	1	4.9	118	0.81	11.6	23.4	44.5	38.6	15.4	14.4	28.5	23.6	0.57	0.58
144	601939	建设银行 点评	金融服务	7.31	0.00%	701	6	1.11	1.61	619	.01	0	3.68	5.9	1.2	1	1	-15.4	16.6	-1.3	0.1	157	1.03	42.1	57.5	36.9	20.3	9.8	11.1	11.2	11.1	0.74	0.84
145	601985	中国核电 点评	电热供应	5.09	0.00%	792	16	-6.43	-7.79	-1402	-.02	-.01	-24.55	19.82	-13.1	3	0	-7.5	-5.6	4.9	8.2	107	0.81	12.9	20.4	34.1	39.7	19.7	14.8	33.3	25.1	0.13	0.83
146	601360	三六零 点评	互联网	24.00	0.00%	95	24	8.99	11.8	-5226	-.55	-.77	-32.76	-3.39	-11.6	3	0	-3.3	-8.3	2.8	8.8	108	0.69	10.6	13.9	37.8	46.1	21.3	18.5	30.3	21.5	4.71	0.82
147	600583	海油工程 点评	开采辅助	7.68	0.00%	340	-40	44.91	40.92	-1597	-.05	-.09	-23.71	14.15	-9.5	6	0	-6.7	-2.8	6.9	2.6	90	0.74	3.1	9.8	37.2	40.0	24.9	18.0	34.8	32.2	0.50	0.88
148	600109	国金证券 点评	金融服务	9.40	0.00%	284	24	5.62	-2.99	-496	-.02	-.03	-5.98	-1.51	-1.4	3	0	5.8	-7.2	-.2	1.6	124	0.93	15.3	9.5	46.1	53.3	19.7	19.9	18.9	17.3	1.24	0.73
149	600170	上海建工 点评	土木工程	3.58	0.00%	304	9	1.99	-3.89	-863	-.03	-.07	-24.77	16.8	-8	4	0	.2	-8.2	-3.6	11.6	97	0.72	12.8	12.6	31.6	39.8	11.4	15.0	44.2	32.6	0.35	1.17
150	603260	合盛硅业 点评	化学制品	30.28	0.00%	111	25	.13	-10.13	-428	-.04	-.04	-9.54	-4.57	-4.9	3	0	-4.8	-.1	.7	4.2	94	0.91	0.5	5.3	44.1	44.2	23.6	22.9	31.8	27.6	0.79	0.96
151	600887	伊利股份 点评	食品加工	31.74	-0.03%	1875	26	11.72	-5	2564	.01	0	1.13	-5.15	1.9	4	1	8.7	-6.8	-2.1	0.2	137	0.99	30.8	22.1	38.6	45.4	12.3	14.4	18.3	18.1	0.72	1.10
152	002411	延安必康 点评	医药制造	15.86	-0.06%	226	37	-4.17	-12.86	3661	.16	-.19	5.02	23.64	15.5	9	1	3	12.5	-22	6.5	49	0.64	5.4	2.4	26.6	14.1	52.8	74.8	15.2	8.7	1.04	1.23
153	600009	上海机场 点评	航空运输	77.30	-0.08%	845	28	-7.95	-2.26	-4107	-.05	-.06	-21.1	-1.63	-5.8	1	0	-8.2	2.4	-1.9	7.7	128	0.79	20.2	28.4	40.8	38.4	13.2	15.1	25.8	18.1	0.84	1.14
154	002508	老板电器 点评	电气机械	34.49	-0.09%	322	23	32.5	21.53	310	.01	0	2.18	-10.45	2	5	1	1.9	.1	-4.9	2.9	54	1.01	5.8	3.9	22.4	22.3	30.0	34.9	41.8	38.9	0.48	0.61
155	600111	北方稀土 点评	有色金属	11.06	-0.09%	402	65	-5.06	-9.49	130	0	.02	2.05	4.53	.2	2	1	-2.9	3.1	.3	-0.5	122	1.03	16.2	19.1	45.1	42.0	15.6	15.3	23.1	23.6	1.61	1.05
156	002673	西部证券 点评	金融服务	9.79	-0.10%	343	49	7.58	-3.76	-159	0	-.09	-9.06	-.74	-.5	3	0	-2.7	2.2	-3	3.5	83	0.81	6.7	9.4	34.5	32.3	35.0	38.0	23.8	20.3	0.92	0.59
157	002024	苏宁易购 点评	零售业	10.25	-0.10%	797	6	-3.03	-10.09	-3555	-.04	-.1	-26.39	-4.32	-6.7	4	0	-6	-.7	-1.3	8.0	100	0.68	18.0	24.0	28.7	29.4	29.5	30.8	23.8	15.8	0.67	0.99
158	601006	大秦铁路 点评	铁路运输	8.16	-0.12%	1213	8	4.62	.74	2317	.02	.01	19.59	-25.83	12.6	4	1	11.2	1.4	-8	-4.6	106	1.14	23.3	12.1	36.2	34.8	15.3	23.3	25.2	29.8	0.15	1.13
159	603833	欧派家居 点评	家具制造	116.54	-0.12%	110	27	-2.4	4.04	-2108	-.19	-.28	-34.87	-1.49	-15	5	0	1.9	-16.9	-4.7	19.7	89	0.66	5.5	3.6	31.5	48.4	18.7	23.4	44.3	24.6	1.28	1.14
160	600015	华夏银行 点评	金融服务	7.69	-0.13%	986	6	5.2	.71	-969	-.01	.01	.72	-17.16	-7	5	0	-.4	-6.6	2.7	4.3	118	1.14	13.8	14.2	41.7	48.3	16.9	14.2	27.6	23.3	0.14	0.80
161	600066	宇通客车 点评	汽车制造	14.40	-0.14%	319	18	0	4.65	-1048	-.03	-.1	-16.01	-10.63	-5.3	4	0	-3.6	-1.7	-3.9	9.2	76	0.76	1.0	4.6	34.3	36.0	23.3	27.2	41.4	32.2	0.62	1.04
162	600068	葛洲坝 点评	土木工程	6.85	-0.15%	315	7	19.34	13.79	-4220	-.13	-.4	-47.8	9.22	-11.4	4	0	-12.9	1.5	3.9	7.5	110	0.55	11.4	24.3	37.7	36.2	18.3	14.4	32.6	25.1	1.17	0.94
163	600663	陆家嘴 点评	房地产业	13.60	-0.15%	399	16	.82	-11.52	-1032	-.03	0	-49.43	5.51	-19.6	0	0	-15.2	-4.4	2.8	16.8	108	0.60	11.1	26.3	33.3	37.7	17.3	14.5	38.3	21.5	0.13	1.29
164	600660	福耀玻璃 点评	非金属	24.52	-0.16%	491	20	11.96	5.92	-3267	-.07	-.11	-26.42	4.44	-9.5	4	0	2.3	-11.8	-6	15.5	99	0.72	9.6	7.3	35.1	46.9	19.4	25.4	35.9	20.4	0.70	0.84
165	601088	中国神华 点评	煤炭采选	18.56	-0.16%	3061	7	1.64	-5.55	-1752	-.01	0	-6.73	-18.53	-2.5	0	0	-2.4	-.1	1.6	0.9	148	0.94	18.2	20.6	54.6	54.7	12.6	11.0	14.6	13.7	0.23	0.78
166	601607	上海医药 点评	零售业	18.47	-0.16%	355	12	2.95	3.94	-204	-.01	0	-6.57	-9.96	-1.1	0	0	3	-4.1	3	-1.9	100	0.90	5.1	2.1	44.2	48.3	20.6	17.6	30.1	32.0	0.52	0.84
167	002773	康弘药业 点评	医药制造	37.74	-0.16%	234	45	4.08	16.7	2120	.09	-.04	6.77	-1.14	10.8	5	1	1.1	9.7	-12.6	1.8	83	0.91	11.7	10.6	35.4	25.7	25.8	38.4	27.1	25.3	0.83	1.10
168	601998	中信银行 点评	金融服务	6.20	-0.16%	1978	6	.49	5.98	-1512	-.01	0	-19.4	-14.11	-13	0	0	-9.8	-3.2	4.6	8.4	105	0.89	11.2	21.0	34.9	38.1	24.3	19.7	29.6	21.2	0.06	0.89
169	600704	物产中大 点评	批发业	5.30	-0.19%	228	8	-3.11	-5.69	-1626	-.07	-.11	-61.68	-15.25	-19.2	4	0	-19.4	.2	4.2	15.0	106	0.50	4.4	23.8	39.0	38.8	15.9	11.7	40.7	25.7	0.37	1.07
170	600436	片仔癀 点评	医药制造	109.00	-0.20%	658	44	10.15	-2.58	-2903	-.04	-.06	-27.57	-5.12	-8.3	2	0	3.1	-11.4	.6	7.7	128	0.75	10.5	7.4	49.3	60.7	17.9	17.3	22.3	14.6	0.53	0.77
171	601727	上海电气 点评	通用设备	5.02	-0.20%	516	26	1.62	-7.7	-1593	-.03	0	-40.83	1.73	-16.7	0	0	-14.6	-2.1	5.9	10.8	102	0.64	4.8	19.4	37.8	39.9	24.0	18.1	33.4	22.6	0.19	1.18
172	601225	陕西煤业 点评	煤炭采选	9.00	-0.22%	900	7	-2.49	.78	3114	.04	.01	26.69	-9.86	17.5	3	1	6.9	10.6	-7.4	-10.1	114	1.17	18.1	11.2	47.4	36.8	13.2	20.6	21.3	31.4	0.20	0.85
173	600390	五矿资本 点评	其他金融	8.20	-0.24%	51	10	10.7	5.03	101	.02	-.22	-10.66	-9.85	.7	5	1	-2	2.7	-2.8	2.1	108	0.81	8.4	10.4	45.7	43.0	20.2	23.0	25.7	23.6	2.86	0.76
174	000538	云南白药 点评	医药制造	89.10	-0.24%	543	24	17.9	7.07	-2088	-.04	-.05	-15.3	-2.9	-6.4	6	0	1.7	-8.1	2.5	3.9	100	0.84	15.4	13.7	31.4	39.5	32.2	29.7	21.0	17.1	0.60	0.93
175	000402	金融街 点评	房地产业	8.13	-0.25%	243	13	9.72	0	-1131	-.05	-.09	-35.52	2.68	-13.8	5	0	-.6	-13.2	-1.3	15.1	71	0.57	7.6	8.2	20.9	34.1	32.7	34.0	38.8	23.7	0.34	0.89
176	002410	广联达 点评	软件服务	34.53	-0.26%	307	184	-7.65	5.27	1946	.06	-.48	-5.57	-12.06	7.2	7	1	2.9	4.3	-26	18.8	39	0.53	4.4	1.5	18.9	14.6	31.3	57.3	45.4	26.6	0.89	1.13
177	002252	上海莱士 点评	医药制造	7.50	-0.27%	373	46	-10.71	2.88	-1875	-.05	-.2	-24.42	1.08	-6.3	2	0	-2.5	-3.8	-1.2	7.5	78	0.64	9.1	11.6	26.7	30.5	31.8	33.0	32.4	24.9	0.80	0.90
178	002594	比亚迪 点评	汽车制造	48.04	-0.27%	548	62	.84	-9.42	2828	.05	0	5.73	-.33	4.5	1	1	7.6	-3.1	-3.2	-1.3	103	1.02	22.0	14.4	31.8	34.9	28.1	31.3	18.1	19.4	1.14	0.92
179	601288	农业银行 点评	金融服务	3.72	-0.27%	10939	5	0	1.64	-625	0	0	-5.28	-3.53	-1.5	0	0	-12.6	11.1	-.3	1.8	148	0.95	36.9	49.5	36.4	25.3	10.2	10.5	16.5	14.7	0.04	0.58
180	601988	中国银行 点评	金融服务	3.71	-0.27%	7819	5	0	-1.59	-510	0	0	-10.06	-9.91	-1.6	0	0	-10	8.4	-3	4.6	144	0.89	33.0	43.0	38.4	30.0	9.5	12.5	19.1	14.5	0.04	0.85
181	601377	兴业证券 点评	金融服务	7.07	-0.28%	473	20	14.96	5.84	-6241	-.13	-.1	-30.66	-4.94	-14.4	3	0	-9	-5.4	4.3	10.1	112	0.75	13.9	22.9	35.0	40.4	20.7	16.4	30.4	20.3	0.91	0.54
182	600177	雅戈尔 点评	纺织服装	7.16	-0.28%	359	9	14.19	12.4	-1684	-.05	-.03	-23.09	-5.59	-13.7	1	0	-7	-6.7	4.2	9.5	100	0.83	4.7	11.7	38.3	45.0	20.6	16.4	36.4	26.9	0.34	1.06
183	600188	兖州煤业 点评	煤炭采选	10.57	-0.28%	313	6	1.34	8.97	-1105	-.04	0	1.6	-9.28	-4	0	0	.4	-4.4	2.2	1.8	113	1.10	12.7	12.3	41.8	46.2	18.8	16.6	26.7	24.9	0.88	0.71
184	300015	爱尔眼科 点评	卫生	39.39	-0.28%	991	74	15.75	30.21	-1327	-.01	-.06	-7.21	-5.12	-1.7	3	0	1.5	-3.2	-.6	2.3	86	0.88	18.6	17.1	23.7	26.9	29.9	30.5	27.8	25.5	0.79	1.09
185	600085	同仁堂 点评	医药制造	28.00	-0.28%	384	34	2.38	-7.28	-3516	-.09	-.03	-25.33	6.65	-17.8	1	0	2.8	-20.6	-.4	18.2	112	0.88	13.5	10.7	33.5	54.1	14.7	15.1	38.3	20.1	0.51	0.56
186	600104	上汽集团 点评	汽车制造	24.10	-0.29%	2772	10	-2.07	-5.82	-1741	-.01	.01	3.85	-12.71	-3.6	2	0	3.7	-7.3	1.1	2.5	118	1.13	13.3	9.6	43.8	51.1	16.5	15.4	26.4	23.9	0.17	0.88
187	600297	广汇汽车 点评	零售业	3.36	-0.30%	273	9	-14.5	-24.92	-970	-.04	-.05	-34.63	.73	-11.7	2	0	-2.4	-9.3	-1.2	12.9	91	0.62	3.3	5.7	36.3	45.6	19.8	21.0	40.6	27.7	0.30	0.91
188	600016	民生银行 点评	金融服务	6.34	-0.31%	2248	5	.48	4.02	76	0	0	-3.22	-3.5	.2	1	1	-4.9	5.1	-2	1.8	134	0.95	25.5	30.4	41.5	36.4	15.1	17.1	17.9	16.1	0.17	0.91
189	603160	汇顶科技 点评	电子设备	215.82	-0.31%	969	43	7.58	55.95	-1422	-.02	-.02	-6.77	-6.58	-1.9	4	0	2.7	-4.6	-1.2	3.1	134	0.93	18.9	16.2	47.0	51.6	14.9	16.1	19.2	16.1	0.77	1.06
190	000728	国元证券 点评	金融服务	9.24	-0.32%	272	33	8.45	1.54	-942	-.03	-.13	-17.19	-1.19	-5	2	0	-1.2	-3.8	-2.8	7.8	76	0.73	4.5	5.7	31.0	34.8	33.8	36.6	30.7	22.9	0.69	0.58
191	601800	中国交建 点评	土木工程	9.34	-0.32%	1097	8	5.54	-17.56	-11390	-.1	-.01	-54.53	-2.99	-14	0	0	-9.1	-4.9	6.8	7.2	140	0.58	13.7	22.8	49.1	54.0	19.4	12.6	17.8	10.6	0.74	1.38
192	601633	长城汽车 点评	汽车制造	9.17	-0.33%	553	22	3.73	.33	-476	-.01	0	-11.38	-13.78	-3.1	0	0	-3.1	0	-3.6	6.7	78	0.81	2.6	5.7	34.9	34.9	19.6	23.2	42.9	36.2	0.28	1.06
193	600516	方大炭素 点评	非金属	12.18	-0.33%	331	13	17.12	-1.77	-4805	-.14	-.19	-21.02	-4.66	-6.1	2	0	-4.5	-1.6	-.3	6.4	121	0.78	10.5	15.0	47.1	48.7	16.7	17.0	25.7	19.3	2.38	0.72
194	000425	徐工机械 点评	专用设备	5.78	-0.34%	404	11	30.18	24.57	-2584	-.06	.18	4.74	-7.5	-4.5	2	0	-3.5	-1	6.3	-1.8	87	1.24	12.3	15.8	28.9	29.9	33.4	27.1	25.4	27.2	1.42	0.72
195	601618	中国中冶 点评	土木工程	2.84	-0.35%	507	11	2.16	-6.27	-2670	-.05	-.01	-67.82	-4.71	-19.1	0	0	-11.1	-8	2.6	16.5	117	0.48	13.4	24.5	35.4	43.4	15.3	12.7	35.9	19.4	0.28	0.75
196	601166	兴业银行 点评	金融服务	20.14	-0.35%	3837	6	16.82	10.11	-7455	-.02	-.01	-11.92	-6.93	-5.6	3	0	5.2	-10.8	.7	4.9	156	0.92	37.5	32.3	37.7	48.5	11.1	10.4	13.7	8.8	0.35	0.86
197	600487	亨通光电 点评	电气机械	16.42	-0.36%	305	20	7.6	-4.65	-4524	-.15	-.2	-23.12	-9.94	-7.6	3	0	-7.6	0	.4	7.2	112	0.76	6.6	14.2	45.7	45.7	21.0	20.6	26.7	19.5	1.94	1.20
198	000709	河钢股份 点评	黑色金属	2.60	-0.38%	276	12	.39	-10.88	-566	-.02	-.03	-11.97	-19.35	-7.7	3	0	-5.5	-2.2	10.8	-3.1	58	0.87	7.8	13.3	17.5	19.7	38.7	27.9	36.0	39.1	0.27	0.85
199	000069	华侨城A 点评	房地产业	7.75	-0.39%	544	8	8.54	3.47	-6100	-.11	-.18	-56.7	-13.34	-16.7	1	0	-3.8	-12.9	4.5	12.2	114	0.53	16.8	20.6	32.1	45.0	26.7	22.2	24.4	12.2	0.67	0.86
200	300136	信维通信 点评	电子设备	46.43	-0.39%	376	41	33.92	77.08	-4986	-.13	-.16	-8.83	-8.42	-4.5	2	0	-6.6	2.1	3.3	1.2	109	0.92	18.1	24.7	34.3	32.2	31.2	27.9	16.4	15.2	2.95	0.73
201	002736	国信证券 点评	金融服务	12.87	-0.39%	1055	21	-1.45	-2.13	-458	0	-.05	-12.04	-7	-1.3	1	0	3.6	-4.9	1.2	0.1	79	0.77	11.4	7.8	27.5	32.4	35.4	34.2	25.7	25.6	0.33	0.83
202	600919	江苏银行 点评	金融服务	7.24	-0.41%	801	5	7.58	2.99	-2549	-.03	0	-16.01	-17.84	-13.6	5	0	-1.5	-12.1	6.4	7.2	105	0.96	7.6	9.1	38.3	50.4	25.3	18.9	28.8	21.6	0.23	0.88
203	603156	养元饮品 点评	饮料制造	29.24	-0.41%	187	13	0	-19.89	-1997	-.11	-.07	-47.29	-2.83	-23.7	2	0	-2.4	-21.3	5.4	18.3	98	0.64	2.6	5.0	34.8	56.1	24.2	18.8	38.4	20.1	0.45	1.22
204	601997	贵阳银行 点评	金融服务	9.56	-0.42%	293	5	15.74	6.46	-2609	-.09	-.07	-35.04	-15.13	-19.9	2	0	-16.2	-3.7	7.7	12.2	102	0.75	1.6	17.8	39.5	43.2	23.6	15.9	35.3	23.1	0.45	0.95
205	601229	上海银行 点评	金融服务	9.50	-0.42%	1260	6	5.67	6.15	-2347	-.02	0	-13.38	-22.07	-12.1	4	0	-6.5	-5.6	5.7	6.4	101	0.98	8.6	15.1	36.0	41.6	24.7	19.0	30.7	24.3	0.15	0.89
206	600795	国电电力 点评	电热供应	2.35	-0.42%	462	11	-4.47	-7.84	-622	-.01	0	-5.19	-16.83	-5.8	4	0	-5.3	-.5	1.6	4.2	114	1.01	19.9	25.2	34.3	34.8	14.7	13.1	31.1	26.9	0.23	0.97
207	600030	中信证券 点评	金融服务	25.38	-0.43%	2491	22	-1.09	9.16	-41492	-.17	-.02	-42.44	-1.55	-8.9	0	0	-12.1	3.2	3	5.9	154	0.66	28.1	40.2	44.3	41.1	12.1	9.1	15.5	9.6	1.87	0.57
208	000157	中联重科 点评	专用设备	6.84	-0.44%	435	12	3.95	26.9	-864	-.02	0	-.2	-17.5	-4	0	0	1	-5	3.4	0.6	73	1.11	10.6	9.6	23.7	28.7	33.0	29.6	32.7	32.1	0.50	0.68
209	600219	南山铝业 点评	有色金属	2.25	-0.44%	220	16	3.21	-1.32	-692	-.03	-.03	-11.66	-31.88	-4.6	2	0	-18.2	13.6	2.1	2.5	127	0.90	14.6	32.8	46.8	33.2	13.2	11.1	25.4	22.9	0.68	0.82
210	601828	美凯龙 点评	商务服务	11.28	-0.44%	45	8	3.11	-6.23	-988	-.22	-.2	-34.09	-9.63	-16.8	5	0	-3.7	-13.1	3	13.8	96	0.71	0.0	3.7	39.7	52.8	22.3	19.3	38.0	24.2	1.32	0.67
211	601009	南京银行 点评	金融服务	8.82	-0.45%	748	6	12.5	7.46	-2784	-.04	-.05	-25.65	-16.51	-8.1	4	0	-10.5	2.4	3.2	4.9	124	0.76	18.8	29.3	39.3	36.9	19.9	16.7	22.0	17.1	0.46	0.72
212	600089	特变电工 点评	电气机械	6.69	-0.45%	248	11	.6	-6.04	-931	-.04	-.02	-14.56	-18.19	-8.4	3	0	-7.9	-.5	1	7.4	108	0.89	3.3	11.2	46.5	47.0	20.0	19.0	30.2	22.8	0.45	0.95
213	601117	中国化学 点评	土木工程	6.49	-0.46%	320	10	13.07	6.22	-2218	-.07	-.16	-45.41	-3.62	-14.1	3	0	-5.5	-8.6	-5	19.1	89	0.53	6.8	12.3	30.6	39.2	16.9	21.9	45.7	26.6	0.49	1.04
214	600025	华能水电 点评	电热供应	4.24	-0.47%	379	12	-8.82	3.62	403	.01	0	5.16	-12.59	2.8	1	1	-.1	2.9	1.2	-4.0	114	1.04	16.4	16.5	41.9	39.0	19.6	18.4	22.1	26.1	0.38	1.02
215	002271	东方雨虹 点评	非金属	26.45	-0.49%	268	19	27.84	14.9	-8086	-.3	-.55	-54.12	-4.79	-24.3	3	0	-13.9	-10.4	6.9	17.4	76	0.52	2.7	16.6	23.4	33.8	37.5	30.6	36.4	19.0	1.25	0.74
216	601390	中国中铁 点评	土木工程	6.03	-0.50%	1124	7	2.03	-7.54	-7891	-.07	-.01	-54.24	-.32	-20.6	0	0	-6.7	-13.9	9.4	11.2	129	0.62	18.8	25.5	35.4	49.3	19.3	9.9	26.5	15.3	0.34	1.58
217	601228	广州港 点评	水上运输	3.87	-0.51%	56	24	-.51	-6.75	-793	-.14	-.17	-60.91	-27.61	-25.2	4	0	-22.5	-2.7	7.6	17.6	98	0.53	0.0	22.5	36.5	39.2	21.4	13.8	42.1	24.5	0.56	1.16
218	300296	利亚德 点评	电子设备	7.84	-0.51%	146	19	12.97	-1.38	-3550	-.24	-.17	-15.23	-12.2	-9.6	4	0	-8.3	-1.3	1.8	7.8	79	0.87	4.0	12.3	30.7	32.0	35.3	33.5	30.0	22.2	2.54	0.54
219	000415	渤海租赁 点评	租赁业	3.80	-0.52%	135	8	2.43	-5.94	-848	-.06	-.08	-24.4	-18.79	-13.6	4	0	-5	-8.6	-.1	13.7	70	0.74	0.0	5.0	28.0	36.6	32.4	32.5	39.6	25.9	0.46	0.87
220	600570	恒生电子 点评	软件服务	79.03	-0.52%	635	59	-.19	15.91	-9734	-.15	-.15	-25.14	4.38	-7.5	3	0	.1	-7.6	.8	6.7	139	0.78	23.3	23.2	42.6	50.2	14.7	13.9	19.4	12.7	2.04	1.14
221	601992	金隅集团 点评	非金属	3.77	-0.53%	314	8	4.43	.53	-1149	-.04	-.01	-30.19	-4.84	-6.1	0	0	-10.3	4.2	0	6.1	113	0.66	7.4	17.7	46.3	42.1	13.9	13.9	32.4	26.3	0.60	0.69
222	600958	东方证券 点评	金融服务	10.82	-0.55%	614	33	7.88	3.74	-4344	-.07	-.06	-31.64	-10.27	-11	3	0	-7.3	-3.7	2	9.0	130	0.73	15.9	23.2	43.7	47.4	16.0	14.0	24.4	15.4	0.64	0.52
223	600332	白云山 点评	医药制造	35.05	-0.57%	493	14	4.07	-13.94	-2720	-.06	0	-19.32	-13.78	-8.8	0	0	-5.7	-3.1	-.3	9.1	117	0.84	8.2	13.9	46.0	49.1	15.5	15.8	30.3	21.2	0.63	0.65
224	601298	青岛港 点评	水上运输	6.91	-0.58%	31	11	-8.72	-15.11	-1525	-.48	-.57	-45.6	-5.44	-20.1	2	0	-8.9	-11.2	1.8	18.3	96	0.62	1.4	10.3	36.7	47.9	19.7	17.9	42.2	23.9	2.42	1.16
225	600705	中航资本 点评	其他金融	4.90	-0.61%	440	16	2.21	-10.81	778	.02	-.06	-15.3	-17.97	3	3	1	-7.2	10.2	-10.6	7.6	113	0.73	13.4	20.6	44.5	34.3	20.0	30.6	22.1	14.5	0.59	1.03
226	600299	安迪苏 点评	医药制造	11.12	-0.63%	298	28	7.99	5.73	-1232	-.04	-.04	-43.04	-3.45	-18.5	2	0	.6	-19.1	4.3	14.2	104	0.64	4.4	3.8	38.4	57.5	23.2	18.9	34.0	19.8	0.22	0.86
227	601818	光大银行 点评	金融服务	4.42	-0.67%	1760	6	.68	14.21	-2991	-.02	0	-11.76	-14.32	-7.4	0	0	4.2	-11.6	1.8	5.6	131	0.94	25.5	21.3	36.5	48.1	15.1	13.3	22.9	17.3	0.23	0.93
228	601186	中国铁建 点评	土木工程	10.34	-0.67%	1189	7	2.48	4.02	-6088	-.05	-.01	-31.49	-9.17	-8.7	0	0	2.5	-11.2	4.4	4.3	137	0.72	24.6	22.1	39.4	50.6	14.6	10.2	21.4	17.1	0.59	1.15
229	000408	藏格控股 点评	化学制品	7.35	-0.68%	35	31	-13.83	-8.01	-469	-.14	-.18	-19.38	-30.56	-11	0	0	.3	-11.3	-2.8	13.8	50	0.73	2.7	2.4	16.9	28.2	42.8	45.6	37.6	23.8	1.23	0.68
230	601669	中国电建 点评	土木工程	4.33	-0.69%	483	9	-9.98	-17.71	-1760	-.04	-.04	-25.55	5.7	-8.1	7	0	-6.7	-1.4	2.3	5.8	115	0.74	11.4	18.1	42.0	43.4	21.2	18.9	25.4	19.6	0.45	0.68
231	601555	东吴证券 点评	金融服务	9.90	-0.70%	297	24	6.8	-3.6	-4431	-.15	-.18	-32.16	-3.96	-10.6	2	0	-4.6	-6	2.5	8.1	115	0.70	9.4	14.0	42.8	48.8	22.0	19.5	25.8	17.7	1.40	0.60
232	002010	传化智联 点评	商务服务	7.04	-0.71%	224	21	-8.09	-12.55	-1731	-.08	-.1	-35.27	-4.75	-11.7	1	0	-7.8	-3.9	5.5	6.2	86	0.60	3.5	11.3	33.5	37.4	37.4	31.9	25.6	19.4	0.66	0.64
233	002007	华兰生物 点评	医药制造	34.97	-0.71%	421	38	8	12.7	-33	0	.01	.58	-8.43	-.1	3	0	2.2	-2.3	-.7	0.8	72	1.02	11.4	9.2	24.6	26.9	35.0	35.7	29.0	28.2	0.78	0.50
234	600340	华夏幸福 点评	房地产业	28.58	-0.76%	851	7	8.22	-11.21	-713	-.01	0	-.96	-20.52	-2.1	3	0	-2.1	0	-.7	2.8	115	1.02	9.8	11.9	46.5	46.5	16.1	16.8	27.6	24.8	0.40	0.85
235	600886	国投电力 点评	电热供应	9.07	-0.77%	615	11	-7.92	12.88	-986	-.02	.02	-.92	-21.15	-5.5	3	0	2.6	-8.1	-8.2	13.7	72	1.14	5.5	2.9	27.8	35.9	26.2	34.4	40.5	26.8	0.29	0.97
236	601066	中信建投 点评	金融服务	31.07	-0.77%	269	47	55.04	48.59	-19083	-.71	-1.16	-31.54	-1.02	-10.4	3	0	-7.9	-2.5	1.4	9.0	124	0.72	12.8	20.7	44.0	46.5	17.3	15.9	25.9	16.9	6.83	0.57
237	002352	顺丰控股 点评	邮政业	37.19	-0.77%	607	29	-6.91	9.38	-4325	-.07	-.15	-36.58	-5.97	-15.3	2	0	-8.3	-7	-4.1	19.4	70	0.58	5.0	13.3	22.2	29.2	35.9	40.0	36.9	17.5	0.47	0.79
238	002001	新和成 点评	医药制造	23.03	-0.78%	489	22	-4.12	20.58	-8259	-.17	-.28	-42.07	7.79	-11.9	1	0	-6.2	-5.7	6	5.9	113	0.61	21.7	27.9	29.0	34.7	31.0	25.0	18.3	12.4	1.42	0.95
239	600004	白云机场 点评	航空运输	17.38	-0.80%	360	47	-10.87	7.02	-5654	-.16	-.17	-56.68	-8.21	-19.9	5	0	-3.8	-16.1	-.5	20.4	108	0.54	7.7	11.5	36.2	52.3	20.2	20.7	35.9	15.5	0.79	1.23
240	600674	川投能源 点评	电热供应	9.81	-0.81%	432	12	-.41	9.85	226	0	.02	13.36	-37.07	3.6	7	1	-3.4	7	5.2	-8.8	80	1.27	5.5	8.9	36.2	29.2	24.7	19.5	33.6	42.4	0.15	0.93
241	300142	沃森生物 点评	医药制造	30.36	-0.82%	442	291	10.24	4.55	-9143	-.21	-.35	-36.91	-8.39	-9.8	2	0	-10.4	.6	3.2	6.6	118	0.65	19.5	29.9	34.8	34.2	27.0	23.8	18.7	12.1	2.11	0.89
242	000963	华东医药 点评	零售业	24.53	-0.85%	429	15	-14.71	-6.41	-1915	-.04	-.19	-32.12	-16.67	-5.6	2	0	3	-8.6	-7.9	13.5	91	0.58	11.8	8.8	30.8	39.4	27.9	35.8	29.5	16.0	0.79	0.97
243	000630	铜陵有色 点评	有色金属	2.32	-0.85%	222	26	4.04	-3.73	-1852	-.08	-.12	-29.64	-12	-10.8	4	0	-12.4	1.6	2.8	8.0	92	0.68	11.2	23.6	29.3	27.7	29.2	26.4	30.3	22.3	0.77	0.55
244	601138	工业富联 点评	电子设备	18.22	-0.87%	335	27	21.39	37.41	-16988	-.51	-.55	-56.28	-1.86	-20	3	0	-10	-10	3.8	16.2	122	0.58	5.8	15.8	45.3	55.3	18.0	14.2	30.9	14.7	2.53	0.94
245	002475	立讯精密 点评	电子设备	37.27	-0.88%	1992	52	45.59	89.93	-3020	-.02	-.2	-17.12	-1.17	-1.5	2	0	-1.1	-.4	-4.6	6.1	101	0.74	20.0	21.1	29.8	30.2	26.0	30.6	24.2	18.1	1.00	0.87
246	601216	君正集团 点评	化学制品	3.15	-0.94%	266	10	4.3	-5.12	-908	-.03	-.02	-15.82	-13.3	-7.2	7	0	-19.7	12.5	3.7	3.5	129	0.88	5.6	25.3	55.2	42.7	15.4	11.7	23.8	20.3	0.47	0.83
247	300033	同花顺 点评	软件服务	111.25	-0.96%	294	98	10.7	16.88	-4375	-.15	-.15	-7.39	-4.53	-3.9	4	0	-1	-2.9	1.6	2.3	103	0.93	14.6	15.6	34.9	37.8	31.1	29.5	19.4	17.1	3.78	0.63
248	000783	长江证券 点评	金融服务	7.11	-0.97%	393	20	.42	-7.18	-1269	-.03	-.16	-15.33	-15.59	-2.9	3	0	-2.3	-.6	-2.4	5.3	75	0.72	10.2	12.5	25.6	26.2	34.0	36.4	30.2	24.9	1.11	0.73
249	601688	华泰证券 点评	金融服务	20.15	-0.98%	1483	21	4.24	-5.31	-12388	-.08	-.08	-18.33	.87	-5.3	4	0	4.4	-9.7	1.7	3.6	147	0.84	37.5	33.1	33.4	43.1	13.0	11.3	16.1	12.5	1.58	0.77
250	601878	浙商证券 点评	金融服务	11.04	-0.99%	133	39	32.53	17.2	-13981	-1.04	-1.64	-52.6	3.57	-15.7	4	0	-12.1	-3.6	2.6	13.1	123	0.58	7.9	20.0	45.6	49.2	17.2	14.6	29.3	16.2	6.63	0.59
251	000938	紫光股份 点评	电子设备	32.16	-0.99%	657	40	-8.35	14.04	-4491	-.07	-.08	-19.92	-.85	-8.1	5	0	-3.2	-4.9	2.7	5.4	101	0.79	19.5	22.7	27.0	31.9	31.4	28.7	22.1	16.7	0.84	1.36
252	002146	荣盛发展 点评	房地产业	9.73	-1.02%	379	6	19.83	1.25	-270	-.01	-.03	-4.32	-11.9	-1	4	0	-3.8	2.8	-1.5	2.5	87	0.93	10.0	13.8	33.1	30.3	29.6	31.1	27.3	24.8	0.71	0.68
253	600741	华域汽车 点评	汽车制造	26.09	-1.02%	823	13	4.57	18.7	-7516	-.09	-.07	-38.65	-4.04	-22	5	0	-3.4	-18.6	9.1	12.9	95	0.72	2.3	5.7	34.2	52.8	26.8	17.7	36.7	23.8	0.41	1.02
254	600566	济川药业 点评	医药制造	24.10	-1.07%	196	11	-18.61	-23.56	-2028	-.1	-.08	-26.48	-22.84	-13.5	5	0	-5.9	-7.6	2.4	11.1	97	0.77	1.1	7.0	40.4	48.0	21.1	18.7	37.4	26.3	0.76	0.99
255	601198	东兴证券 点评	金融服务	12.94	-1.07%	357	24	17.74	8.19	-3482	-.1	-.09	-21.48	-11.68	-8.3	3	0	-9.3	1	2.4	5.9	124	0.81	7.6	16.9	50.5	49.5	16.8	14.4	25.1	19.2	1.17	0.52
256	002230	科大讯飞 点评	软件服务	34.66	-1.08%	639	153	2.45	2.48	-19754	-.31	-.63	-47.12	-3.7	-12.9	3	0	-4.5	-8.4	-1.8	14.7	99	0.53	13.2	17.7	29.6	38.0	30.8	32.6	26.4	11.7	2.39	0.84
257	601838	成都银行 点评	金融服务	8.95	-1.10%	170	6	8.48	3.35	-2570	-.15	-.09	-25.38	-31.89	-11.9	7	0	-13.1	1.2	3.3	8.6	122	0.81	7.2	20.3	48.0	46.8	19.6	16.3	25.2	16.6	1.27	1.00
258	002714	牧原股份 点评	畜牧业	90.80	-1.11%	1060	106	12.1	53.98	-2381	-.02	-.05	-5.32	-13.31	-1.6	3	0	-2.7	1.1	.7	0.9	111	0.94	23.8	26.5	31.1	30.0	29.6	28.9	15.5	14.6	1.41	0.74
259	600031	三一重工 点评	专用设备	17.75	-1.11%	1495	12	30.61	40.87	-3470	-.02	-.04	-11.9	.17	-3.4	2	0	1.5	-4.9	-.7	4.1	122	0.87	18.2	16.7	41.2	46.1	15.0	15.7	25.6	21.5	0.68	0.66
260	000858	五粮液 点评	饮料制造	130.55	-1.16%	4955	30	-7.74	6.06	-43562	-.09	-.12	-51.97	-9.68	-16.3	2	0	-11	-5.3	5.3	11.0	118	0.57	27.9	38.9	23.0	28.3	26.5	21.2	22.6	11.6	0.54	0.90
261	000651	格力电器 点评	电气机械	67.10	-1.18%	4006	14	16.09	21.16	-17464	-.04	-.08	-25.92	-.13	-7	4	0	-9.5	2.5	1.4	5.6	125	0.74	27.1	36.6	31.9	29.4	25.5	24.1	15.5	9.9	0.62	1.36
262	000898	鞍钢股份 点评	黑色金属	3.32	-1.19%	265	14	1.22	-12.17	-651	-.02	0	-12.7	-5.3	-12	0	0	-9.3	-2.7	-6	18.0	64	0.98	0.3	9.6	25.6	28.3	22.2	28.2	51.9	33.9	0.20	0.69
263	000895	双汇发展 点评	食品加工	29.90	-1.22%	264	19	34.75	14.21	-4982	-.19	-.07	-11.72	-7.72	-9.9	1	0	-7.4	-2.5	3.4	6.5	73	0.95	6.9	14.3	24.6	27.1	34.4	31.0	34.1	27.6	1.89	0.96
264	000703	恒逸石化 点评	化学纤维	13.95	-1.27%	318	13	22.37	.87	1461	.05	.01	12.39	-13.01	10.6	8	1	10.9	-.3	-11.6	1.0	90	1.04	17.6	6.7	32.9	33.2	24.8	36.4	24.7	23.7	0.43	0.67
265	000656	金科股份 点评	房地产业	7.70	-1.28%	404	8	14.93	19.75	-3153	-.08	.03	-3.36	-9.08	-7.7	1	0	8.5	-16.2	4.8	2.9	102	1.09	13.6	5.1	33.4	49.6	32.1	27.3	20.9	18.0	1.01	1.11
266	600809	山西汾酒 点评	饮料制造	87.64	-1.31%	759	34	10.31	29.55	-5656	-.08	-.06	-26.02	-18.93	-13.4	4	0	1.5	-14.9	6.2	7.2	107	0.79	15.5	14.0	31.5	46.4	25.0	18.8	28.0	20.8	0.56	0.63
267	600029	南方航空 点评	航空运输	7.18	-1.37%	582	16	.14	-7.59	-5924	-.1	-.01	-40.04	1.37	-10.8	0	0	-9.3	-1.5	2.7	8.1	134	0.66	13.7	23.0	48.1	49.6	15.0	12.3	23.2	15.1	0.93	1.12
268	002153	石基信息 点评	软件服务	39.18	-1.38%	191	98	10.09	8.98	-1296	-.07	.03	-6.74	-24.76	-8	3	0	-5.7	-2.3	5.1	2.9	54	1.05	1.2	6.9	21.6	23.9	36.6	31.5	40.6	37.7	0.85	0.80
269	002032	苏泊尔 点评	金属制品	76.79	-1.41%	468	38	7.76	3.15	-179	0	-.06	-5.33	-18.39	-1.9	4	0	0	-1.9	-5	6.9	20	0.72	0.0	0.0	9.0	10.9	37.4	42.4	53.6	46.7	0.20	0.96
270	002456	欧菲光 点评	电子设备	16.19	-1.46%	432	182	68.3	88.91	-48336	-1.12	-2.82	-67.59	-2.18	-23.1	4	0	-18.4	-4.7	7.7	15.4	100	0.47	12.4	30.8	26.2	30.9	32.4	24.7	29.0	13.6	4.83	0.89
271	601155	新城控股 点评	房地产业	38.31	-1.47%	861	17	55.16	-.29	-4746	-.06	-.04	-34.52	-9.83	-14.5	2	0	-8.7	-5.8	4.8	9.7	136	0.75	13.0	21.7	47.5	53.3	15.5	10.7	24.0	14.3	0.38	0.75
272	601162	天风证券 点评	金融服务	7.17	-1.51%	169	144	-18.71	-33.61	-16766	-.99	-1.06	-46.47	-6.63	-17	3	0	-9.9	-7.1	1.5	15.5	105	0.60	11.2	21.1	33.0	40.1	18.6	17.1	37.2	21.7	5.82	0.66
273	300003	乐普医疗 点评	专用设备	32.69	-1.51%	495	27	19.61	37.01	-8556	-.17	-.3	-40.19	-12.53	-15.1	4	0	-6.5	-8.6	2.4	12.7	100	0.63	12.1	18.6	30.2	38.8	29.8	27.4	27.9	15.2	1.14	0.79
274	002120	韵达股份 点评	邮政业	32.43	-1.52%	186	28	-14.9	4.71	-1757	-.09	-.15	-16.43	6.6	-7.7	4	0	-9.1	1.4	-3.2	10.9	78	0.80	2.7	11.8	32.5	31.1	31.4	34.6	33.4	22.5	1.22	0.75
275	300144	宋城演艺 点评	文体传媒	31.71	-1.55%	373	27	16.32	38.29	1562	.04	.01	9.45	-20.42	8.6	5	1	4.9	3.7	-6.9	-1.7	91	1.02	11.3	6.4	38.4	34.7	25.7	32.6	24.6	26.3	0.48	1.15
276	000002	万科A 点评	房地产业	32.05	-1.57%	3114	15	1.52	12.44	-35663	-.11	-.02	-80.44	1.75	-13.8	0	0	-17.1	3.3	5.3	8.5	143	0.45	31.5	48.6	33.2	29.9	20.4	15.1	14.9	6.4	0.83	0.96
277	002311	海大集团 点评	食品加工	35.49	-1.58%	551	30	2.42	27.02	-1352	-.02	.01	-4.49	-8.73	-5	3	0	-1.5	-3.5	2.6	2.4	42	1.02	1.8	3.3	16.5	20.0	41.1	38.5	40.6	38.2	0.49	0.96
278	002008	大族激光 点评	专用设备	41.12	-1.58%	408	55	19.81	13.72	0	0	.06	3.62	-3.44	0	4	0	2.5	-2.5	2.7	-2.7	87	1.09	12.9	10.4	30.5	33.0	36.2	33.5	20.4	23.1	0.88	0.73
279	002945	华林证券 点评	金融服务	14.79	-1.60%	40	98	-11.38	-14.11	-4676	-1.16	-2.78	-29.8	-12.42	-13.8	1	0	-4.5	-9.3	-2.4	16.2	55	0.59	2.6	7.1	18.0	27.3	37.8	40.2	41.6	25.4	8.43	0.61
280	601021	春秋航空 点评	航空运输	43.47	-1.81%	398	17	-2.01	-6.52	-3073	-.08	-.06	-28.29	-11.51	-17.6	4	0	-4.1	-13.5	5.7	11.9	89	0.79	2.6	6.7	33.0	46.5	21.5	15.8	42.9	31.0	0.43	1.05
281	601919	中远海控 点评	水上运输	5.26	-1.87%	402	23	.19	2.73	-5898	-.15	-.01	-80.77	9.42	-28.7	0	0	-31.1	2.4	5.2	23.5	119	0.48	6.6	37.7	38.4	36.0	16.2	11.0	38.8	15.3	0.51	0.99
282	000961	中南建设 点评	房地产业	10.35	-1.90%	385	13	41.59	13.99	-2519	-.07	-.11	-18.75	-8.97	-10.5	3	0	-2.6	-7.9	2.1	8.4	78	0.81	2.7	5.3	31.0	38.9	34.6	32.5	31.7	23.3	0.62	0.70
283	600048	保利地产 点评	房地产业	15.95	-1.91%	1903	11	19.92	16.94	-30330	-.16	-.16	-77	-.46	-17.7	2	0	-9.1	-8.6	4.5	13.2	147	0.49	21.3	30.4	43.6	52.2	13.8	9.3	21.3	8.1	0.90	1.30
284	600276	恒瑞医药 点评	医药制造	85.95	-1.97%	3785	76	9.49	30.01	-30778	-.08	-.08	-48.84	-12.03	-16.3	3	0	-13.9	-2.4	7.5	8.8	135	0.64	16.3	30.2	43.2	45.6	21.2	13.7	19.3	10.5	0.50	1.29
285	600585	海螺水泥 点评	非金属	54.68	-2.01%	2187	9	3.62	27.82	-12686	-.06	-.01	-30.17	-7.19	-8	0	0	-11.2	3.2	2.1	5.9	145	0.74	25.0	36.2	43.5	40.3	14.2	12.1	17.3	11.4	0.72	0.98
286	000876	新希望 点评	食品加工	20.43	-2.01%	858	21	5.47	13.44	-13372	-.16	-.28	-39.44	-11.64	-14.5	4	0	-10.2	-4.3	6.6	7.9	105	0.64	16.1	26.3	29.3	33.6	30.9	24.3	23.7	15.8	1.07	0.96
287	002555	三七互娱 点评	互联网	28.48	-2.13%	375	29	71.15	106.23	-19550	-.52	-.85	-46.99	3.74	-18.8	3	0	-19.2	.4	8.9	9.9	108	0.62	11.9	31.1	32.8	32.4	31.1	22.2	24.2	14.3	2.74	1.61
288	603288	海天味业 点评	食品加工	105.41	-2.40%	2846	56	-7.27	3.55	-4486	-.02	-.02	-17.85	-17.56	-7.2	4	0	-10.7	3.5	1.9	5.3	103	0.82	8.8	19.5	39.3	35.8	19.2	17.3	32.7	27.4	0.22	2.18
289	000333	美的集团 点评	电气机械	58.26	-2.49%	3960	14	7.27	7.1	-11587	-.03	-.08	-24.84	-14.06	-7.3	3	0	-3.8	-3.5	-1.8	9.1	94	0.70	17.2	21.0	26.1	29.6	32.5	34.3	24.2	15.1	0.40	1.26
290	603259	药明康德 点评	科研试验	89.26	-2.58%	898	63	6.35	35.45	-21331	-.24	-.24	-47.43	-.34	-13.9	1	0	-1.2	-12.7	5.3	8.6	141	0.64	21.5	22.7	42.1	54.8	17.8	12.5	18.6	10.0	1.70	1.88
291	300251	光线传媒 点评	文体传媒	11.88	-2.70%	331	24	34.39	68.03	-663	-.02	-.22	-10.44	-16.65	-1.7	4	0	5.6	-7.3	-4	5.7	85	0.82	18.2	12.6	23.4	30.7	29.5	33.5	28.9	23.2	1.17	1.19
292	000625	长安汽车 点评	汽车制造	10.49	-2.87%	409	-14	6.82	45.65	-2014	-.05	0	-5.83	-13.7	-4.6	0	0	-8.9	4.3	1.9	2.7	76	0.97	5.2	14.1	30.4	26.1	34.8	32.9	29.6	26.9	1.06	1.13
293	000671	阳光城 点评	房地产业	8.33	-2.91%	331	11	44.62	14.58	-3535	-.11	-.08	-24.09	-6.39	-11.8	2	0	-8.4	-3.4	5.7	6.1	115	0.81	9.6	18.0	41.9	45.3	29.2	23.5	19.3	13.2	0.90	0.89
294	000596	古井贡酒 点评	饮料制造	133.07	-3.01%	510	29	-1.13	10.65	-10748	-.21	-.01	-29.49	3.23	-20.6	0	0	-12.6	-8	14.9	5.7	85	0.82	7.0	19.6	25.1	33.1	37.3	22.4	30.6	24.9	1.02	1.12
295	600115	东方航空 点评	航空运输	5.68	-3.07%	557	16	-2.41	-11.25	-10738	-.19	-.02	-73	-3.29	-21.2	0	0	-18.4	-2.8	3.3	17.9	132	0.50	13.2	31.6	42.4	45.2	15.6	12.3	28.8	10.9	0.90	1.70
296	601111	中国国航 点评	航空运输	9.49	-3.16%	897	15	-.42	-1.62	-11329	-.12	-.01	-32.67	1.77	-14.5	0	0	-4.3	-10.2	3.4	11.1	106	0.72	9.4	13.7	36.4	46.6	22.1	18.7	32.1	21.0	0.86	1.44
297	600061	国投资本 点评	金融服务	14.67	-3.74%	612	19	10.14	4.26	-12105	-.2	-.21	-23.44	-13.17	-8.4	3	0	-6.8	-1.6	1.6	6.8	117	0.78	9.7	16.5	44.8	46.4	18.8	17.2	26.7	19.9	2.33	0.97
298	601881	中国银河 点评	金融服务	12.00	-3.77%	147	24	8.11	-.25	-25837	-1.73	-1.33	-42.76	-8.47	-13.1	4	0	-26.8	13.7	4.2	8.9	151	0.69	25.9	52.7	42.9	29.2	12.0	7.8	19.2	10.3	13.24	1.53
299	600690	海尔智家 点评	电气机械	19.10	-3.92%	1205	12	21.27	9.59	-33223	-.27	-.24	-64.73	-3.57	-24.3	4	0	-11.4	-12.9	7.6	16.7	124	0.56	7.8	19.2	42.2	55.1	18.8	11.2	31.2	14.5	1.12	1.46
300	600519	贵州茅台 点评	饮料制造	1,078.56	-4.55%	13549	33	-5.39	9.92	2853	0	-.05	-40.06	-11.28	.2	4	1	-15.3	15.5	-.2	0.0	200	0.67	41.2	56.5	58.7	43.2	0.0	0.2	0.1	0.1	1.04	2.32